Run of the ANLC campaign number 316.
The control weights were intialised = True

50 tests were run
The seeds were cycled from 1 to 50.

The overall time for the statistic generation was: 165.4102590894333 [']

Run time (per test) (mu+-3sigma) = 198.28121632028+-511.5392713917464 ['']
Number of iterations (per test) (mu+-3sigma) = 477.6+-443.2607359105924
Convergence history = [1. 1. 1. 1. 1. 1. 1. 1. 1. 1. 1. 1. 1. 1. 1. 1. 1. 1. 1. 1. 1. 0. 0. 0.
 1. 1. 1. 1. 1. 1. 0. 0. 1. 1. 1. 0. 1. 1. 0. 1. 1. 1. 1. 1. 1. 1. 1. 1.
 1. 0.]
TO learner history = [0. 0. 0. 0. 0. 0. 0. 0. 0. 0. 0. 0. 0. 0. 0. 0. 0. 0. 0. 0. 0. 0. 0. 0.
 0. 0. 0. 0. 0. 0. 0. 0. 0. 0. 0. 0. 0. 0. 0. 0. 0. 0. 0. 0. 0. 0. 0. 0.
 0. 1.]
TO falsifier history = [0. 0. 0. 0. 0. 0. 0. 0. 0. 0. 0. 0. 0. 0. 0. 0. 0. 0. 0. 0. 0. 1. 1. 1.
 0. 0. 0. 0. 0. 0. 1. 1. 0. 0. 0. 1. 0. 0. 1. 0. 0. 0. 0. 0. 0. 0. 0. 0.
 0. 0.]
TO falsifier check [s] = [  0.           0.           0.           0.           0.
   0.           0.           0.           0.           0.
   0.           0.           0.           0.           0.
   0.           0.           0.           0.           0.
   0.         615.62880371 501.97153831 186.60038138   0.
   0.           0.           0.           0.           0.
 764.63464892 335.5114996    0.           0.           0.
 400.17569733   0.           0.         489.39567416   0.
   0.           0.           0.           0.           0.
   0.           0.           0.           0.           0.        ]

Converged tests = 42/50

Elapsed time history = [ 94.56890071 224.39093721  76.96096318  99.59885053  91.89299035
 119.39796017 129.08594902 199.33661442 272.37615788 146.60639852
  68.86491439 129.93566    128.59104581 226.31370098 199.87981759
 178.95471085  65.98415311  81.10793177 219.54788508 148.81815294
 227.97487438 679.40386219 692.61712899 288.70449603 188.38479734
  82.20934841 139.89197389  93.64710344 101.13252441  72.93569471
 823.61825619 422.3256036  212.54230118  71.90394112 238.08213113
 439.19807664 232.1344479  147.87962265 616.44983415 115.65014068
  80.59155677  65.68332878 112.09688194 100.04564368 161.21344724
 124.12001942 110.2053105   64.51751907 141.02394773 165.66330735] ['']
Iteration history = [ 412.  524.  407.  438.  432.  445.  467.  382.  845.  434.  396.  465.
  383.  406.  417.  386.  410.  423.  432.  610.  961.  441.  784.  340.
  426.  417.  464.  417.  409.  427.  402.  450.  427.  391.  572.  251.
  417.  416.  432.  562.  388.  398.  410.  567.  775.  405.  433.  407.
  577. 1000.]

Total Learner not-converged = 1
Total Falsifier not-converged = 7
