Run of the ANLC campaign number 320.
The control weights were intialised = False

50 tests were run
The seeds were cycled from 1 to 50.

The overall time for the statistic generation was: 115.55419091403333 [']

Run time (per test) (mu+-3sigma) = 138.45053937158+-328.3068595537181 ['']
Number of iterations (per test) (mu+-3sigma) = 464.18+-1120.4751708092422
Convergence history = [1. 1. 0. 1. 1. 1. 0. 0. 0. 1. 1. 0. 1. 0. 1. 1. 0. 1. 1. 1. 1. 0. 1. 1.
 1. 1. 1. 0. 0. 1. 0. 1. 0. 1. 0. 1. 1. 1. 1. 1. 0. 1. 0. 0. 1. 0. 0. 0.
 1. 0.]
TO learner history = [0. 0. 0. 0. 0. 0. 1. 1. 1. 0. 0. 1. 0. 1. 0. 0. 1. 0. 0. 0. 0. 1. 0. 0.
 0. 0. 0. 0. 0. 0. 1. 0. 0. 0. 1. 0. 0. 0. 0. 0. 1. 0. 1. 1. 0. 1. 1. 0.
 0. 1.]
TO falsifier history = [0. 0. 1. 0. 0. 0. 0. 0. 0. 0. 0. 0. 0. 0. 0. 0. 0. 0. 0. 0. 0. 0. 0. 0.
 0. 0. 0. 1. 1. 0. 0. 0. 1. 0. 0. 0. 0. 0. 0. 0. 0. 0. 0. 0. 0. 0. 0. 1.
 0. 0.]
TO falsifier check [s] = [  0.           0.         472.21329644   0.           0.
   0.           0.           0.           0.           0.
   0.           0.           0.           0.           0.
   0.           0.           0.           0.           0.
   0.           0.           0.           0.           0.
   0.           0.         267.51198062 210.18761976   0.
   0.           0.         249.5942918    0.           0.
   0.           0.           0.           0.           0.
   0.           0.           0.           0.           0.
   0.           0.         280.54351506   0.           0.        ]

Converged tests = 30/50

Elapsed time history = [ 42.05710657  43.85992789 501.7938599  153.6997442   32.43829787
  40.81339727 132.56840367 133.80029775 138.94224545  18.54609661
  93.16636622 159.31210161 110.99676609 149.00490369 204.88845362
  65.16189987 145.40458265 108.4236885   86.23301207  39.80682223
  43.43373789 150.40569069 137.91399703  33.45011297  78.38095428
  55.03845439  32.71705303 375.71110472 257.64354541  94.90104433
 278.33801539  30.71191241 304.81667994  35.73453975 198.24423496
  96.76005973  44.30710684  40.30672004 103.86395123 129.83951848
 144.85075149  55.80503344 152.85754123 157.27412771 235.75531702
 342.01580315 274.88724172 433.45909366  27.02743056 175.15822141] ['']
Iteration history = [ 139.   46.  183.  625.  176.  165. 1000. 1000. 1000.   69.  558. 1000.
  162. 1000.  190.   57. 1000.  562.  399.  171.  166. 1000.  159.  181.
  158.  181.   72.  453.  147.  180. 1000.  194.  384.  176. 1000.   92.
  170.  184.  164.  376. 1000.  182. 1000. 1000.  388. 1000. 1000.  532.
  168. 1000.]

Total Learner not-converged = 15
Total Falsifier not-converged = 5
