Run of the NLC campaign number 331.
The control weights were intialised = False

50 tests were run
The seeds were cycled from 1 to 50.

The overall time for the statistic generation was: 133.0471567908 [']

Run time (per test) (mu+-3sigma) = 159.41652049040007+-10.507962065210673 ['']
Number of iterations (per test) (mu+-3sigma) = 1000.0+-0.0

Elapsed time history = [161.5545814  158.07730448 159.06085098 157.68433975 160.89548837
 158.49666006 157.92647722 159.1623004  162.15402375 157.63023632
 158.41373227 159.39136724 158.24797702 158.85414475 158.34338538
 160.06714053 158.73924405 158.84963773 160.22463087 168.35507145
 159.36212985 158.66730392 158.76994569 159.30268659 158.69100261
 158.54254987 160.57753218 157.9182918  159.36635809 157.49929928
 151.30206347 153.40447117 150.6931905  153.66276074 151.5780366
 160.84058798 170.53820064 164.32653829 161.14407476 163.02171453
 159.09310339 160.69394686 160.98751796 161.00099244 158.47691005
 162.92439845 159.98568975 162.9153703  159.31849142 164.09227136] ['']
Iteration history = [1000. 1000. 1000. 1000. 1000. 1000. 1000. 1000. 1000. 1000. 1000. 1000.
 1000. 1000. 1000. 1000. 1000. 1000. 1000. 1000. 1000. 1000. 1000. 1000.
 1000. 1000. 1000. 1000. 1000. 1000. 1000. 1000. 1000. 1000. 1000. 1000.
 1000. 1000. 1000. 1000. 1000. 1000. 1000. 1000. 1000. 1000. 1000. 1000.
 1000. 1000.]
Convergence history = [0. 0. 0. 0. 0. 0. 0. 0. 0. 0. 0. 0. 0. 0. 0. 0. 0. 0. 0. 0. 0. 0. 0. 0.
 0. 0. 0. 0. 0. 0. 0. 0. 0. 0. 0. 0. 0. 0. 0. 0. 0. 0. 0. 0. 0. 0. 0. 0.
 0. 0.]
TO learner history = [1. 1. 1. 1. 1. 1. 1. 1. 1. 1. 1. 1. 1. 1. 1. 1. 1. 1. 1. 1. 1. 1. 1. 1.
 1. 1. 1. 1. 1. 1. 1. 1. 1. 1. 1. 1. 1. 1. 1. 1. 1. 1. 1. 1. 1. 1. 1. 1.
 1. 1.]
TO falsifier history = [0. 0. 0. 0. 0. 0. 0. 0. 0. 0. 0. 0. 0. 0. 0. 0. 0. 0. 0. 0. 0. 0. 0. 0.
 0. 0. 0. 0. 0. 0. 0. 0. 0. 0. 0. 0. 0. 0. 0. 0. 0. 0. 0. 0. 0. 0. 0. 0.
 0. 0.]
TO falsifier check [s] = [-1. -1. -1. -1. -1. -1. -1. -1. -1. -1. -1. -1. -1. -1. -1. -1. -1. -1.
 -1. -1. -1. -1. -1. -1. -1. -1. -1. -1. -1. -1. -1. -1. -1. -1. -1. -1.
 -1. -1. -1. -1. -1. -1. -1. -1. -1. -1. -1. -1. -1. -1.]

Converged tests = 0/50

Total Learner not-converged = 50
Total Falsifier not-converged = 0
