Run of the NLC campaign number 334.
The control weights were intialised = False

50 tests were run
The seeds were cycled from 1 to 50.

The overall time for the statistic generation was: 382.2284195630001 [']

Run time (per test) (mu+-3sigma) = 301.7590159426213+-15.747226846677913 ['']
Number of iterations (per test) (mu+-3sigma) = 2000.0+-0.0

Elapsed time history = [309.76059903 297.21342305 292.7146337  291.86754323 293.03930993
 299.0253816  302.41707078 301.64062906 303.19860685 302.93728056
 302.4155751  313.2843881  301.99073884 302.70482595 305.01488084
 301.89186645 301.13372493 306.00928875 302.37559221 304.78126066
 303.72048458 303.27549671 302.29952113 303.58743332 321.60376717
 302.57570628 302.50425858 302.00215052 302.60381263 304.39110316
 306.47849422 307.59954157 302.56892073 301.81807825 302.66796527
 303.57679898 302.867306   303.4692454  303.89069814 297.63286435
 295.2705722  295.54615255 295.20181587 294.41279228 307.50187557
 294.94486724 297.93278798 295.58243843 299.45216719 295.55506124] ['']
Iteration history = [2000. 2000. 2000. 2000. 2000. 2000. 2000. 2000. 2000. 2000. 2000. 2000.
 2000. 2000. 2000. 2000. 2000. 2000. 2000. 2000. 2000. 2000. 2000. 2000.
 2000. 2000. 2000. 2000. 2000. 2000. 2000. 2000. 2000. 2000. 2000. 2000.
 2000. 2000. 2000. 2000. 2000. 2000. 2000. 2000. 2000. 2000. 2000. 2000.
 2000. 2000.]
Convergence history = [0. 0. 0. 0. 0. 0. 0. 0. 0. 0. 0. 0. 0. 0. 0. 0. 0. 0. 0. 0. 0. 0. 0. 0.
 0. 0. 0. 0. 0. 0. 0. 0. 0. 0. 0. 0. 0. 0. 0. 0. 0. 0. 0. 0. 0. 0. 0. 0.
 0. 0.]
TO learner history = [1. 1. 1. 1. 1. 1. 1. 1. 1. 1. 1. 1. 1. 1. 1. 1. 1. 1. 1. 1. 1. 1. 1. 1.
 1. 1. 1. 1. 1. 1. 1. 1. 1. 1. 1. 1. 1. 1. 1. 1. 1. 1. 1. 1. 1. 1. 1. 1.
 1. 1.]
TO falsifier history = [0. 0. 0. 0. 0. 0. 0. 0. 0. 0. 0. 0. 0. 0. 0. 0. 0. 0. 0. 0. 0. 0. 0. 0.
 0. 0. 0. 0. 0. 0. 0. 0. 0. 0. 0. 0. 0. 0. 0. 0. 0. 0. 0. 0. 0. 0. 0. 0.
 0. 0.]
TO falsifier check [s] = [-1. -1. -1. -1. -1. -1. -1. -1. -1. -1. -1. -1. -1. -1. -1. -1. -1. -1.
 -1. -1. -1. -1. -1. -1. -1. -1. -1. -1. -1. -1. -1. -1. -1. -1. -1. -1.
 -1. -1. -1. -1. -1. -1. -1. -1. -1. -1. -1. -1. -1. -1.]

Converged tests = 0/50

Total Learner not-converged = 50
Total Falsifier not-converged = 0
