Run of the NLC campaign number 333.
The control weights were intialised = True

50 tests were run
The seeds were cycled from 1 to 50.

The overall time for the statistic generation was: 190.6111553810668 [']

Run time (per test) (mu+-3sigma) = 151.30528475981905+-351.91067270792706 ['']
Number of iterations (per test) (mu+-3sigma) = 1107.68+-2239.0326657733244

Elapsed time history = [ 30.37491006  46.38966605 190.64210372  99.76950082  30.45657251
  69.44394448  36.37966788 197.81731367 305.25770308  44.10470352
 302.3073664  304.10135102  28.27383987 302.83582002  29.61855738
  85.67303556  84.40481589  59.72414429 314.00305981 322.60286873
  32.76558734 305.4046025  304.24447912  89.04663897  25.00530627
 311.48112589  34.04321741 303.32606594 106.80884563  17.43921337
 304.79541305  69.72993114 124.28603868  69.69084912  25.48934405
 316.29390352  64.65012637 224.89286695 101.2199563  196.41773715
  83.42045805 304.73296191  53.48854281  31.17063903 304.04773672
 304.28591857 199.57046304  32.15098271 305.78227717  35.40206446] ['']
Iteration history = [ 281.  371. 1681. 1391.  281.  531.  321. 1701. 2000.  361. 2000. 2000.
  261. 2000.  271.  631.  611.  441. 2000. 2000.  291. 2000. 2000.  651.
  231. 2000.  301. 2000.  741.  171. 2000.  541.  831.  501.  241. 2000.
 1261. 1781.  711. 1661. 1331. 2000.  431.  281. 2000. 2000. 1691.  291.
 2000.  311.]
Convergence history = [1. 1. 1. 1. 1. 1. 1. 1. 0. 1. 0. 0. 1. 0. 1. 1. 1. 1. 0. 0. 1. 0. 0. 1.
 1. 0. 1. 0. 1. 1. 0. 1. 1. 1. 1. 0. 1. 1. 1. 1. 1. 0. 1. 1. 0. 0. 1. 1.
 0. 1.]
TO learner history = [0. 0. 0. 0. 0. 0. 0. 0. 1. 0. 1. 1. 0. 1. 0. 0. 0. 0. 1. 1. 0. 1. 1. 0.
 0. 1. 0. 1. 0. 0. 1. 0. 0. 0. 0. 1. 0. 0. 0. 0. 0. 1. 0. 0. 1. 1. 0. 0.
 1. 0.]
TO falsifier history = [0. 0. 0. 0. 0. 0. 0. 0. 0. 0. 0. 0. 0. 0. 0. 0. 0. 0. 0. 0. 0. 0. 0. 0.
 0. 0. 0. 0. 0. 0. 0. 0. 0. 0. 0. 0. 0. 0. 0. 0. 0. 0. 0. 0. 0. 0. 0. 0.
 0. 0.]
TO falsifier check [s] = [-1. -1. -1. -1. -1. -1. -1. -1. -1. -1. -1. -1. -1. -1. -1. -1. -1. -1.
 -1. -1. -1. -1. -1. -1. -1. -1. -1. -1. -1. -1. -1. -1. -1. -1. -1. -1.
 -1. -1. -1. -1. -1. -1. -1. -1. -1. -1. -1. -1. -1. -1.]

Converged tests = 34/50

Total Learner not-converged = 16
Total Falsifier not-converged = 0
