Run of the NLC campaign number 330.
The control weights were intialised = True

50 tests were run
The seeds were cycled from 1 to 50.

The overall time for the statistic generation was: 85.77261116538332 [']

Run time (per test) (mu+-3sigma) = 102.69586897772002+-171.7866829156382 ['']
Number of iterations (per test) (mu+-3sigma) = 697.72+-953.649565825938

Elapsed time history = [ 33.15984584  60.75743307 221.05154159 161.78904755  29.36766319
  67.69291092  33.93507255 154.02870207 152.23896457  41.89874155
 152.18067132 159.45365075  27.28562035 152.25512349  28.55407761
  80.87128677  81.05424495  57.24434459 151.35212805 155.96579192
  30.41811084 161.69752393 152.63501727  86.14863726  23.49249288
 155.63365858  31.72512498 152.60183334 102.04259264  16.41373331
 153.3252678   66.30705504 119.15718044  66.25283433  24.13892175
 153.19678989 157.60820162 162.0555273   96.75781697 152.66449598
 153.26210102 154.47442595  51.4106985   29.96525792 153.56404225
 152.24849136 155.84395938  30.92953375 152.76047901  33.92478091] ['']
Iteration history = [ 281.  371. 1000. 1000.  281.  531.  321. 1000. 1000.  361. 1000. 1000.
  261. 1000.  271.  631.  611.  441. 1000. 1000.  291. 1000. 1000.  651.
  231. 1000.  301. 1000.  741.  171. 1000.  541.  831.  501.  241. 1000.
 1000. 1000.  711. 1000. 1000. 1000.  431.  281. 1000. 1000. 1000.  291.
 1000.  311.]
Convergence history = [1. 1. 0. 0. 1. 1. 1. 0. 0. 1. 0. 0. 1. 0. 1. 1. 1. 1. 0. 0. 1. 0. 0. 1.
 1. 0. 1. 0. 1. 1. 0. 1. 1. 1. 1. 0. 0. 0. 1. 0. 0. 0. 1. 1. 0. 0. 0. 1.
 0. 1.]
TO learner history = [0. 0. 1. 1. 0. 0. 0. 1. 1. 0. 1. 1. 0. 1. 0. 0. 0. 0. 1. 1. 0. 1. 1. 0.
 0. 1. 0. 1. 0. 0. 1. 0. 0. 0. 0. 1. 1. 1. 0. 1. 1. 1. 0. 0. 1. 1. 1. 0.
 1. 0.]
TO falsifier history = [0. 0. 0. 0. 0. 0. 0. 0. 0. 0. 0. 0. 0. 0. 0. 0. 0. 0. 0. 0. 0. 0. 0. 0.
 0. 0. 0. 0. 0. 0. 0. 0. 0. 0. 0. 0. 0. 0. 0. 0. 0. 0. 0. 0. 0. 0. 0. 0.
 0. 0.]
TO falsifier check [s] = [-1. -1. -1. -1. -1. -1. -1. -1. -1. -1. -1. -1. -1. -1. -1. -1. -1. -1.
 -1. -1. -1. -1. -1. -1. -1. -1. -1. -1. -1. -1. -1. -1. -1. -1. -1. -1.
 -1. -1. -1. -1. -1. -1. -1. -1. -1. -1. -1. -1. -1. -1.]

Converged tests = 26/50

Total Learner not-converged = 24
Total Falsifier not-converged = 0
